time,x,y,z,phi,theta,psi,x_velocity,y_velocity,z_velocity,phi_velocity,theta_velocity,psi_velocity,rotor_speed1,rotor_speed2,rotor_speed3,rotor_speed4
0.06,-1.2179939555634154e-06,-9.973700436785711e-08,10.005317998222893,6.2829406390731855,0.0007846300426370689,0.0,-9.428212175583892e-05,-1.5396199446564976e-05,0.17725495164381533,-0.013827150521835283,0.031147053247219045,0.0,459.2308548866291,461.6943627431751,461.6031118592442,460.51094067246265
0.12000000000000001,-3.278888304359316e-05,-9.77650007223815e-06,10.02128405196892,6.282440751691286,0.0025345511765095807,0.0,-0.0011637955065146443,-0.0003805656224274277,0.3549074557316365,0.0008619895053068429,0.024874794242917934,0.0,461.04676431599995,460.5512372414041,460.4846520331593,461.64508463810364
0.18,-0.0001586534472804888,-4.726883684338644e-05,10.044746031314661,6.282297630422557,0.004326584344781281,0.0,-0.003193871499180791,-0.0008727005045505833,0.42713326042921945,-0.009833844107750052,0.038339669686853164,0.0,428.06484275391784,429.2092492891514,428.106324307935,427.19546009456013
0.23999999999999996,-0.0004405606698768161,-0.00011852469055517944,10.071682785598522,6.28172803390985,0.006164342549345392,0.0,-0.0064043780731794335,-0.0015567723570907898,0.4707401552615004,-0.008820688939580735,0.007056728143320095,0.0,420.4245996563369,417.70613266989466,418.5492921639653,418.6375615420545
0.3,-0.0009458862413487739,-0.00024197903539828282,10.101673004345733,6.281347304120725,0.0062991921374635496,0.0,-0.010468645610253161,-0.0026015340001766694,0.5289079868259274,-0.0018051174767487283,-0.00971606611661135,0.0,424.9840300224401,423.54414102884704,422.76896352794824,423.3730156459283
0.36000000000000004,-0.0017106542092281537,-0.0004386076081975079,10.137621816517134,6.281348630966718,0.006536217145606926,0.0,-0.015013889119951732,-0.0039581475512641415,0.6693135355508972,0.0034470027036075674,0.0225880460800625,0.0,448.5463360024941,451.1617475638447,449.6418826412354,450.0671077486741
0.4200000000000001,-0.0027409741037625864,-0.0007103941894487792,10.179212161728284,6.281146599774328,0.007682334462398188,0.0,-0.019448869008023943,-0.0050957605083217766,0.7170014205687809,-0.02268831057069436,0.011014070870796349,0.0,420.5046026669904,419.50091592608896,422.0340038266431,419.7725015321104
0.48000000000000015,-0.004072291711480085,-0.001063835575520944,10.225620530854652,6.280216308222471,0.008465735441656186,0.0,-0.02500314908364892,-0.006801494472101525,0.8298676748795598,-0.004037435012454597,0.016857288718348365,0.0,441.8165610876653,442.2978775153225,440.20179748010935,441.7423080268205
0.5400000000000001,-0.005767112596657741,-0.0015395279561039978,10.280245209732403,6.280147982762614,0.009092471309525507,0.0,-0.03158612263639311,-0.009071168719549702,0.9908280100477075,0.0041063501608791944,-0.007201621596060812,0.0,457.16560874666357,455.2447445207995,456.58746759886395,457.2366607896142
0.6000000000000002,-0.007839981375656066,-0.002142751958225103,10.341748585506194,6.2804201208332415,0.008259617405733444,0.0,-0.03745269851475103,-0.011010876634602668,1.0592238335693582,0.005380711827319437,-0.03262472731939354,0.0,429.3949318835599,427.23306570605087,427.1713940593182,427.27995545229174
0.6600000000000003,-0.010281202446301648,-0.0028690283999092945,10.41222519004609,6.281323357466114,0.006110599735729139,0.0,-0.043671614821021235,-0.013117466598731541,1.2897671052489774,0.029537234692646717,-0.04311730946485573,0.0,477.93446753061795,477.13368222462543,476.8614374087858,478.7028596084181
0.7200000000000003,-0.013043114374432344,-0.00369469272147901,10.497052924053177,6.282850198115343,0.0030537149061524715,0.0,-0.04805161871422053,-0.014197932655327535,1.537526563604338,0.01566506584614728,-0.0751548313854414,0.0,484.002296027918,481.5835759599991,483.9896240044104,482.9445951483129
0.7800000000000004,-0.01596845228125379,-0.0045497221233493194,10.590651692924098,0.0003766756249872216,6.281714707639658,0.0,-0.04903583629629917,-0.014224277901592293,1.5823721842520129,0.0029016766007082233,-0.07591052464630228,0.0,421.53037783250386,421.46026388836356,421.8810050763981,420.77751054479836
0.8400000000000004,-0.018864550137394673,-0.005395018269250314,10.687916633773302,0.00016746403353451456,6.277240253940805,0.0,-0.04705596134100937,-0.013949320149676427,1.6596822974418606,-0.02104213034133995,-0.07202869495614182,0.0,432.1013019584167,432.4238652616263,432.9985741697386,430.979761092001
0.9000000000000005,-0.021521232419826966,-0.00623355975884991,10.794610370254201,6.282153587732161,6.27313844250461,0.0,-0.04098892951992523,-0.014152361991028333,1.8964103674872546,-0.017954523378892067,-0.06189279441298907,0.0,480.51757707084795,481.2821008561976,480.8459139370067,481.07980235912635
0.9600000000000005,-0.023751036600426465,-0.007109029973828472,10.912129255792209,6.281092683779619,6.269366545011504,0.0,-0.032945098773041026,-0.015142571900957354,2.020670135720787,-0.01714169183023783,-0.06488285804840452,0.0,448.86786008336503,448.62233271302557,447.2550476084876,447.321312383593
1.0200000000000005,-0.025419822615875155,-0.008065868753450755,11.036918073808637,6.280205633126958,6.265736657042048,0.0,-0.02229175751535339,-0.016851402362069026,2.138737785987879,-0.010443239107199236,-0.05292404643425025,0.0,446.9003542210503,447.87137817988844,445.4512967700101,445.99879875563477
1.0800000000000005,-0.026424548346566632,-0.009134109212080405,11.16604225191935,6.279561480499817,6.262149979334792,0.0,-0.010897060557329061,-0.018814340089834996,2.1653455560639245,-0.011327667280495522,-0.07925563225169914,0.0,419.9552965105855,417.66209342995495,416.36351785834,416.2862528078611
1.1400000000000006,-0.02656986036831291,-0.010350188201335729,11.301541713038278,6.278749565088672,6.257891306457836,0.0,0.006557875483186367,-0.02180524529274364,2.3509286002410756,-0.018351425442578468,-0.058144197138328475,0.0,466.92693883859954,468.5671761868923,467.94495473916675,467.39802461712424
1.2000000000000006,-0.025703974030116823,-0.011743044123535447,11.443165049276661,6.277682934063648,6.254766139693688,0.0,0.022599791329178946,-0.024720580307988425,2.3698014612806055,-0.016652823518955556,-0.042115122428757396,0.0,415.58725075104326,416.98777404838415,415.55959162533105,415.70850090023197
1.2600000000000007,-0.0235539708340688,-0.013382556781445122,11.595185818042584,6.276748568226054,6.251760999738462,0.0,0.04940919858436019,-0.030056662425340934,2.6968338489074477,-0.013495779487677252,-0.07506734404929717,0.0,509.71132636083723,507.3494821215574,509.19860651194676,509.42452395006626
1.3200000000000007,-0.019936406540549872,-0.015319370728040696,11.759581148827703,6.275639908151209,6.24745204818732,0.0,0.07160925372002919,-0.034595625460776484,2.782788832675979,-0.03099127989589319,-0.06600117755112651,0.0,439.36372852559236,440.1106697775111,440.0838441573299,438.63333309806666
1.3800000000000008,-0.01494292656386933,-0.01754599819359272,11.928006655044209,6.273468106917086,6.243927203126379,0.0,0.09518615742056952,-0.039811747258456064,2.831259390691736,-0.04944120659650799,-0.04719325877811018,0.0,426.9377314173316,428.5367508593338,429.00407841366484,427.4338877687011
1.4400000000000008,-0.008197175125668716,-0.020201881763656886,12.106238812582706,6.270234656239927,6.241667028316931,0.0,0.12996431712033618,-0.04910526894652141,3.1090800682747948,-0.06473548252306198,-0.023359796692378417,0.0,496.42394155383863,498.1690715213835,498.1079375541994,496.9865665785517
1.5000000000000009,0.000478832715114941,-0.023434823516118426,12.29613110552331,6.266788315061511,6.240267586825796,0.0,0.15936807183044485,-0.05903189352660518,3.2203413107184167,-0.04582996849949728,-0.02325258521212137,0.0,450.4996941374055,450.50832028885424,448.37204144760864,449.9030102573194
1.560000000000001,0.010935186149359385,-0.027326032423427227,12.4923886035074,6.2645335069271795,6.238610674521837,0.0,0.1893181380151983,-0.07092177278657873,3.321272328487473,-0.02477742814388173,-0.03820099221614029,0.0,448.20121618911236,446.98440424382574,446.1204175530058,447.8353808680486
1.620000000000001,0.023315104563931755,-0.032010985521859624,12.696706441819117,6.2630877405256875,6.237202437824662,0.0,0.22351903520078698,-0.08539780196664216,3.4888091591558728,-0.02276729419468311,-0.0038476843009433385,0.0,466.1050412872368,468.78196381716896,468.9671519233797,469.12322532671516
1.680000000000001,0.03774921122819985,-0.037586297381884674,12.910590530908971,6.262235132658379,6.237139556428833,0.0,0.2576107384368372,-0.1005535455034627,3.640182267671168,-0.001032936054989048,0.004034048432683344,0.0,464.1267950203298,464.74502229141893,463.59858117219204,465.30333397965967
1.740000000000001,0.05409952641132577,-0.044026509598385756,13.13076336462395,6.262351974703904,6.2375222411555225,0.0,0.287359474583958,-0.11411314098740734,3.698720877658486,0.0073261104045987905,0.01069640911475532,0.0,436.5825961078478,437.13805696822453,436.0697596340207,436.76747556062344
1.8000000000000012,0.07228947368351277,-0.05130567943112413,13.355853881863528,6.262541494186234,6.238469737654164,0.0,0.31887137950450767,-0.12848485785299102,3.8039513338471798,-0.006852045610825222,0.024413612521552018,0.0,451.8822507224391,452.98662908827134,451.61784539708805,450.47270382698053
1.8600000000000012,0.09243725237735465,-0.05948847483708943,13.589293748574919,6.262272096576989,6.24030452766997,0.0,0.3525044195347814,-0.14430109865593696,3.9767946544495616,-0.0001408684416466248,0.040700046026037405,0.0,471.6468707465524,472.9033550447723,473.26446621927204,473.78084694786867
1.9200000000000013,0.11442023123239493,-0.06855673459533636,13.829889761251138,6.2629822499952965,6.242865496352792,0.0,0.3800060296039878,-0.15792913017898028,4.04284873124894,0.02880660157189221,0.04637854505913143,0.0,440.8718281174476,441.3418066755559,440.55927310751093,442.9463994056781
1.9800000000000013,0.13798811870635377,-0.0784169483420858,14.074119932170086,6.264584025717765,6.245521247262932,0.0,0.4053195244958973,-0.1705824325893724,4.097972321658315,0.0221015850246815,0.039655097259249324,0.0,439.5208511968665,438.9643554877023,437.8917132406205,437.33371071920396
2.0400000000000014,0.16308578507598312,-0.08903733266805965,14.323310588976366,6.26562551971638,6.2477719318809175,0.0,0.431011226090524,-0.1832990078999319,4.207993288138428,0.005604034624024995,0.03283782473401494,0.0,456.6164960306471,456.0729002986315,456.29772190940577,454.97862271617936
2.1000000000000014,0.18959263410143068,-0.10035951654943424,14.576653761844891,6.2663335125604345,6.249355987626274,0.0,0.45237637415228255,-0.19405614427398196,4.236678487857061,0.021961717077262254,0.008656363443510014,0.0,431.85109997119974,429.8065085628152,430.82323680446603,432.20412804451973
2.1600000000000015,0.21748946521319143,-0.11237688852979807,14.83567667122398,6.267679704694675,6.2493325939518805,0.0,0.4774514476812475,-0.20636603641287782,4.396816449579646,0.023369559940943595,-0.03281646865874356,0.0,473.50975476004487,470.3082204212534,472.24955361303626,472.3581372260133
2.2200000000000015,0.2467484945432752,-0.1250342721941751,15.099833945429571,6.268935335195438,6.2469297291670305,0.0,0.4980347891701736,-0.21542814743611927,4.4083714983584334,0.015530850662150472,-0.061234984510548277,0.0,428.0150074092336,425.58814069721575,427.81484831078365,427.1468258897853
2.2800000000000016,0.277427000684171,-0.13826453017528345,15.368362117540254,6.2709224147003635,6.243500726140752,0.0,0.5249403645703944,-0.22540375876365043,4.542024973733808,0.055184575327493005,-0.05002962382481012,0.0,465.06976483304373,465.9445607704719,464.048442822538,467.1513990146323
2.3400000000000016,0.3096641473451247,-0.15200577523649686,15.641742588323762,6.274118316324934,6.240498876838503,0.0,0.5498993936015196,-0.23234009639520434,4.5705295187523385,0.04912109229978286,-0.05003321677552923,0.0,434.24414943691323,434.24221076347624,433.91852173723356,433.41107722878377
2.4000000000000017,0.3434813800842254,-0.1661108675416936,15.917459521512077,6.2767011236236065,6.237288749459143,0.0,0.5776236187672847,-0.23756403553700428,4.61981859452787,0.02672094475536201,-0.06154043298499867,0.0,441.3002026252343,440.3472537956415,441.8697237669682,440.0199986204512
2.4600000000000017,0.37898775576030963,-0.18047998026433368,16.195321531264796,6.2781747847755,6.233688310316932,0.0,0.6062458770910035,-0.24126702012058457,4.642133458981682,0.019848112109017622,-0.057106251846991876,0.0,432.54136076270356,432.9120180016856,432.9768130128385,432.3982396502355
2.520000000000002,0.4163244245441276,-0.19505013366793433,16.475480562981527,6.2788723019192645,6.230359611353899,0.0,0.6386173499317546,-0.24430482318994656,4.69625267046913,-0.014858830751786652,-0.05240767470716042,0.0,442.55565090000164,442.9401735181157,444.9333818325888,442.08241513589695
2.580000000000002,0.4556820964339408,-0.2097982185173814,16.75918171766637,6.2776835810272065,6.227276063992852,0.0,0.6735883842766505,-0.24739455931238497,4.760157201946147,-0.032232800306007,-0.04943631542487256,0.0,445.9911761590518,446.2321446392336,448.0707737502766,446.6559131031935
2.640000000000002,0.49710198144571993,-0.22474877578187366,17.045027488700565,6.275447692510227,6.224271139475011,0.0,0.70733242447963,-0.25113831824178096,4.767971370022576,-0.049938256009643855,-0.05140544102653005,0.0,428.76425706808584,428.59522940569036,430.9173922092147,429.41709960755236
2.700000000000002,0.540588642597428,-0.2399657675603082,17.331148479685407,6.272252979536738,6.220780841446526,0.0,0.7425007024573058,-0.2563632551826467,4.769352538775336,-0.0608482224422305,-0.07727203805357861,0.0,428.1638650230498,425.95445634322886,428.3317668423608,427.4007836047743
2.760000000000002,0.5865635060710673,-0.25561148072166845,17.622269960519883,6.268855255026587,6.216114933149891,0.0,0.7904648571419319,-0.2655425441902699,4.93393517835459,-0.04930358625586852,-0.07876943029610095,0.0,477.81138448824225,477.6928536597569,478.05870590630025,478.9356809797114
2.820000000000002,0.6353500607921373,-0.27184463208580084,17.920743921414253,6.265644006139091,6.210860058953671,0.0,0.8362069557902201,-0.2758598932872418,5.014779630553918,-0.06367199134459978,-0.11803244587457504,0.0,456.2807091993226,453.12788082470297,454.81343584524257,453.65914166144944
2.880000000000002,0.6869437394453071,-0.28875140387170695,18.22336716914576,6.26201902569106,6.20429824736876,0.0,0.8842084263357464,-0.2880479276091884,5.072318019991048,-0.05459442539281814,-0.09606146688932189,0.0,447.25323559069767,449.0286128807686,447.7268934510569,448.46235216365
2.940000000000002,0.7418383072222898,-0.30653733092524077,18.533171974791895,6.2597924685735755,6.199477660497585,0.0,0.9461286918096601,-0.3050952817586329,5.25359777842593,-0.015126843202077076,-0.05984957768624357,0.0,485.45383457322225,488.1586430845775,483.785859346144,486.74800825349234
3.000000000000002,0.7999775344173817,-0.3252291806685377,18.84706608700989,6.259138558602309,6.195840003069659,0.0,0.9921458991064435,-0.31803275247558116,5.2096874987128015,-0.003557336253799083,-0.06223023059858106,0.0,418.46220794264906,418.2520212928384,416.8235996135064,417.83373938123094
3.0600000000000023,0.8609415327697307,-0.3447074823401315,19.15837846029687,6.2589810080812605,6.1918165357787736,0.0,1.0403072373672786,-0.3312632429624593,5.167526442699139,-0.0008249482047615918,-0.07907038406665094,0.0,419.38493794331384,417.91562093084474,417.44036451408715,417.67882675930105
3.1200000000000023,0.9253779801398574,-0.3651164703903697,19.472721568276878,6.259083538025287,6.186794648779802,0.0,1.1080294244868292,-0.3490161795336028,5.309830658456136,0.0063480297457939065,-0.09508341083117762,0.0,476.8226230594577,475.592230551433,475.35237228178096,475.9017723501026
3.1800000000000024,0.9940708846777115,-0.38660650068816194,19.79641312938064,6.259496333110512,6.180805123110854,0.0,1.182297951577163,-0.36725308409282326,5.478971806833819,0.007923063171688952,-0.1115641707344402,0.0,485.5768044259951,484.3308678472127,485.5334401453834,485.6514946010217
3.2400000000000024,1.0672326892236936,-0.40915227289370587,20.12903300029758,6.260176576227758,6.174784715214939,0.0,1.257019835579905,-0.3841944083321268,5.607604169870278,0.017415191505684748,-0.08416355026157865,0.0,475.0234098682509,477.1119270556105,473.9856793123617,474.7145967807086
3.3000000000000025,1.145166748740586,-0.43273244689760426,20.470873585773873,6.26082261588758,6.16933102287339,0.0,1.341258273409732,-0.4016880222409602,5.786062949994534,-0.007846843933002433,-0.10983843083328858,0.0,492.5199297739123,490.610633855434,491.81918113647225,489.94419097022313
3.3600000000000025,1.2277877321204456,-0.4572565602188825,20.819100510218306,6.260866885686127,6.162858496145173,0.0,1.4133414119744026,-0.41579273345496465,5.821184299749025,0.013949194064674063,-0.10421614324400594,0.0,451.22054633070286,451.6642416371936,448.28386616433346,450.0518437468126
3.4200000000000026,1.3146883081260583,-0.4825924240223583,21.168079878231847,6.261775597509045,6.1566855252402775,0.0,1.4838655536727576,-0.4286614763345151,5.811381855514933,0.01743580349358867,-0.10034337361420215,0.0,436.6288654886179,436.942504714749,436.3838124345143,436.6747201152233
3.4800000000000026,1.4065115610387118,-0.5087809955357927,21.521030318043362,6.26302112811759,6.15050425269941,0.0,1.5774518206263028,-0.444149673817566,5.952733597720135,0.026690646922681284,-0.10899605577958586,0.0,483.3336497312701,482.6726364951711,483.2889301152417,483.9860610843888
3.5400000000000027,1.504386587257673,-0.5359137123045401,21.884681079070983,6.264947945783883,6.143726728518139,0.0,1.6856589616036537,-0.46003862049852323,6.167607263611833,0.04120284330021536,-0.12236553017524943,0.0,506.82733830963974,505.8556190775762,505.3711442723577,506.4165022763417
3.6000000000000028,1.608281947732503,-0.5638702099940949,22.2567108774082,6.267320824540574,6.136513510606878,0.0,1.7781473787419038,-0.4716037192138457,6.232833032270748,0.036014834921211054,-0.11624589693246595,0.0,465.2470362238156,465.71369838055625,464.88878951715935,464.482725584896
3.660000000000003,1.717221966670263,-0.5924089029407532,22.62832461200605,6.2692932232750085,6.129201914157424,0.0,1.8537610380340332,-0.47953645068086564,6.154553635676244,0.025706037160300486,-0.13648947482657062,0.0,419.34836130524144,417.5709397923841,422.44481818499406,421.5552132218354
3.720000000000003,1.830914535480533,-0.6214045218991813,22.995884545965378,6.270618179346531,6.1212031148050805,0.0,1.9366462757890655,-0.486874448409559,6.0975498578659,0.013619089536518794,-0.12762268067191593,0.0,426.36838672650464,427.1082139418103,427.44285119234564,426.41134096240114
3.780000000000003,1.9497611908182721,-0.6508245615034479,23.360359552272175,6.272626074591898,6.114025274307416,0.0,2.025506759646815,-0.49367050580310706,6.051657425438656,0.05727209898827605,-0.10715213212387094,0.0,429.17953190941256,430.9001820128893,428.6995626582157,432.3941475329258
3.840000000000003,2.0741151358990266,-0.6806176911643119,23.722447688635203,6.275970495839978,6.107626199206706,0.0,2.12014055861735,-0.4991594465385735,6.017929920711796,0.052487370053319625,-0.10566867785012302,0.0,434.26953083285633,434.38371376748097,434.2752488452938,433.8758058160187
3.900000000000003,2.2043066755858622,-0.7106880187508948,24.082820857178316,6.2794240094997384,6.1012349319531705,0.0,2.220084687006401,-0.5029110650396138,5.99442254350299,0.06614316088144084,-0.10828140133189702,0.0,437.81832261732853,437.5906955922533,436.91444370829464,438.05404808039617
3.960000000000003,2.3409546006524415,-0.7409290831359493,24.44368939385855,0.00046857587386028854,6.09468842778783,0.0,2.335358298945324,-0.5047459454061344,6.034067454834712,0.07802640701420017,-0.11081439258630318,0.0,457.9391905680542,457.72749650306224,457.55606154462924,458.5049253273514
4.020000000000002,2.484610623012782,-0.771199523328965,24.806779488005375,0.004750757999351762,6.088312288795365,0.0,2.45367865912129,-0.5038566080646933,6.068488622822022,0.052734421193716005,-0.09845762232986792,0.0,456.9628193948805,457.9373678209584,458.09923795564447,456.08680315519024
4.080000000000001,2.6358551790352713,-0.8013326758559299,25.17382444548467,0.007921514355630599,6.081963990450593,0.0,2.588244191255481,-0.5002684435544968,6.165519307011719,0.053067965927509154,-0.1275227821384775,0.0,479.03106748594644,476.8058184116951,476.80448843257244,476.83159060663047
4.14,2.795172005449972,-0.8311915878633965,25.54602261438112,0.011076554613046241,6.074117524627994,0.0,2.722915838241197,-0.49472731000763803,6.240319017546739,0.051598448059268234,-0.13822447895251622,0.0,473.8126343467813,472.9743529624639,471.41907970781443,471.30711665876896
4.199999999999998,2.962684459684697,-0.860658425400141,25.92250895889732,0.014196500172866777,6.0660900994447715,0.0,2.861459332358542,-0.4872104534357389,6.308457492726927,0.052788295118704365,-0.12614674268540843,0.0,470.9061251549467,471.8242131041125,472.471787086847,472.56510330991466
4.259999999999997,3.138429241860619,-0.8896286950845037,26.30202833797229,0.01726402469830468,6.059406228301484,0.0,2.997211860908039,-0.4781887512953775,6.3416426610263965,0.047574333420557,-0.09176954668301397,0.0,460.9312286873341,463.62946763853944,463.39844558487505,462.98985514323226
4.319999999999996,3.3217072159970304,-0.9180584340398256,26.68036144246281,0.020057928220404087,6.0535379908925435,0.0,3.112481614739195,-0.46925246249964203,6.269589849087661,0.044466697430145335,-0.11396719274436416,0.0,429.97864579773875,428.0845555629698,430.8244422858368,430.56289569393823
4.379999999999995,3.5127071753675887,-0.9458467663734083,27.05742266133995,0.0228053238709931,6.046293161628846,0.0,3.2546720083356595,-0.4567902147343752,6.298564550786257,0.048312350205315165,-0.13988964967211395,0.0,463.4109279118914,461.35522630250733,462.166053820185,462.47026704208065
4.439999999999993,3.7119447506446535,-0.972876557759709,27.43445220066377,0.02635252624973461,6.037901316478651,0.0,3.387201766309981,-0.44393867218715427,6.268838529733876,0.07485648786770274,-0.139813065930454,0.0,444.46347556885104,444.4515857623517,444.18139664088005,446.35579670631614
4.499999999999992,3.919656998835362,-0.9990304944267173,27.8112264247828,0.030619063513569245,6.029801604538335,0.0,3.5371217468505223,-0.4274816592139293,6.289714551879413,0.062305649740656194,-0.12678379700783907,0.0,461.7076464881584,462.7185467847402,461.48437990403005,460.49601869846606
4.559999999999991,4.136396912643154,-1.0241350732200383,28.18883198220287,0.03411641000123744,6.022545024262971,0.0,3.688040382370061,-0.40903381005579026,6.296640848603078,0.04872223329044558,-0.11127578688728461,0.0,457.20282788887033,458.4241583929218,459.5638488627044,458.4878422663456
4.6199999999999894,4.362639951747601,-1.0480305776373213,28.568074585111127,0.037043963793679247,6.016200632389513,0.0,3.8537669426020416,-0.38723295065872054,6.34403100072066,0.04893280652968087,-0.09649659301116364,0.0,472.27002325182804,473.39970113135297,471.36963524276615,471.38722899128027
4.679999999999988,4.598080862589878,-1.0706785885392829,28.94705292971241,0.04018156214876356,6.011394762069742,0.0,3.9945919656967086,-0.367461425778912,6.288527087724584,0.05828339001620897,-0.05902049856256016,0.0,439.09244313008656,442.18544781360737,440.4993008115615,441.27386069987136
4.739999999999987,4.8420346788439685,-1.0920874036520325,29.322728073168562,0.04343457774848325,6.007747774177268,0.0,4.137390553239733,-0.34589700046332766,6.233964506585318,0.044505641072028354,-0.06456271017165353,0.0,441.79775701520043,441.33776432825084,441.2614462580679,440.1242279280096
4.799999999999986,5.094987567367929,-1.112091401153477,29.696506539926585,0.04649007263681515,6.00385182277601,0.0,4.294520289005686,-0.3206671977110777,6.2249921966233535,0.06138519517236166,-0.06568223432761708,0.0,455.67574206459466,455.5832268850908,455.79837908526036,457.14726581796117
4.859999999999984,5.357220019429979,-1.1305572498294525,30.069062828569887,0.050393625491141236,6.000004402501807,0.0,4.44672724642975,-0.29455486568895084,6.193360520000593,0.07154398226323397,-0.06117711034780324,0.0,449.2864334948174,449.6486864027771,448.97447029400905,449.8011941596009
4.919999999999983,5.628021665687971,-1.1474951628471879,30.437648533460155,0.054230047198529086,5.996589971721793,0.0,4.580208766758197,-0.2697273635060242,6.093087436931271,0.040934610447530294,-0.04950574396252527,0.0,426.8154597149563,427.80828915705314,427.71514526728913,425.10243536065923
4.979999999999982,5.908027345182889,-1.162674788315348,30.80418092057206,0.05627075877878518,5.993869103139527,0.0,4.753277093090739,-0.2360745159207016,6.1240949657770996,0.014224381010090931,-0.03811544347185456,0.0,468.9854972996486,469.86848519112704,470.23264132668606,468.1587875911469
5.0399999999999805,6.197484169529298,-1.1759821116406077,31.16938073261327,0.057042878383968265,5.99184057359051,0.0,4.895334407117392,-0.207426453023727,6.04937211664382,0.010009210577566596,-0.026350662357702982,0.0,434.8165856482215,435.80083744090024,437.1953644372246,436.8437998994274
